610.504812
610.295564
610.850654
610.319538
609.278402
609.654058
609.321368
609.205570
609.228568
609.335312
609.704584
609.376954
609.197692
609.555872
609.382358
609.496994
609.259744
609.324680
609.623638
609.350276
609.350986
609.743218
609.406524
609.220872
609.407472
609.344908
609.542030
609.262494
609.273286
609.770246
609.382126
609.341412
609.698732
609.269508
609.613438
609.306966
609.245744
609.682446
609.407066
609.192946
609.570742
609.230792
609.259728
609.252820
609.216002
609.220852
609.154760
609.455452
609.529982
609.261088
609.239800
609.206426
609.278790
609.291698
609.297164
609.185998
609.339136
609.245684
609.245770
609.232452
609.290488
609.283736
609.206198
609.234324
609.241818
609.354782
609.646122
610.336544
610.299940
610.331062
610.327042
609.252896
609.213108
609.226760
609.404310
609.198216
609.239822
609.301558
609.247048
609.254378
609.231046
609.287800
609.327388
609.508030
609.686672
610.319574
610.325702
609.268682
609.384882
609.342664
609.231450
609.311510
609.448322
609.280732
609.356570
609.223850
609.261118
609.241038
609.228886
609.279842
23 175 193 99 196 205 89 240 81 151 98 52 18 90 16 200 79 198 118 6 138 114 240 81 96 96 237 146 3 55 172 62 182 77 115 169 131 26 51 131 0 256 33 239 20 230 219 75 144 216 38 31 233 120 124 213 233 240 74 90 64 214 250 252 



Median of the required no. of Cycles to Hash 128 bytes to 64 bytes: 609.306966
