914.200300
913.494160
913.312880
913.424040
913.547060
913.511020
913.239880
913.674660
913.273120
913.439420
913.643760
913.588860
913.391600
913.578060
913.583080
913.227440
913.515780
914.561300
913.649960
913.497480
913.507820
913.542740
913.614860
913.439040
913.547440
913.834300
913.519920
913.622700
913.425360
913.425060
913.469000
913.702360
913.479220
913.476060
913.393180
913.350820
913.622140
913.474960
913.464060
913.486900
913.456640
913.522100
913.625360
913.558120
913.644120
913.381780
913.301260
913.284880
913.610480
913.525440
913.336760
913.420420
913.465060
913.525420
913.572640
913.497820
913.458240
913.437880
913.521020
913.367400
913.753540
913.559660
913.497320
913.606400
913.534420
913.329780
913.769020
913.585120
913.818640
913.533660
913.729200
913.684600
913.674100
913.369720
913.397620
913.531020
913.688600
913.506680
913.359780
913.383740
913.672220
913.575160
913.461980
913.549240
913.320680
913.578540
913.452520
913.593020
913.479400
916.274160
913.532140
913.934700
913.576280
913.507520
913.527260
913.426840
913.564680
913.482120
913.500340
913.603600
913.335500
913.544200
913.470440
913.455920
913.456700
913.408360
913.368680
917.631260
913.571080
913.523960
913.554020
913.580380
913.483540
913.475540
913.616420
913.348620
913.440740
913.433060
913.327160
913.452720
913.292580
913.612900
913.624700
913.377580
913.416000
917.867900
913.574420
913.402020
913.370240
913.650180
913.548360
913.469580
913.589400
913.362200
913.303540
913.344260
914.348100
913.469280
913.469120
913.512520
913.495540
913.618960
913.254140
917.683400
913.668420
913.395640
913.413160
913.370060
913.540020
913.527980
913.435820
913.504940
913.502360
913.541800
913.534980
913.502080
913.504460
913.504720
913.615720
913.395540
913.739200
917.693960
913.915820
913.485360
913.379600
913.420220
913.517780
913.505060
913.310720
913.426720
913.546680
913.606840
913.448520
913.417300
913.476040
913.273540
913.325480
913.389760
913.518760
917.535620
913.561640
913.618860
913.455580
913.675120
913.328940
913.393380
913.476980
913.506140
913.445660
913.685560
913.580380
913.395420
913.409280
913.614060
913.412220
913.419160
914.602640
917.493780
913.760160
913.465340
913.569680
913.639400
913.387100
913.321520
913.414920
913.610120
913.525340
913.532480
913.625160
913.658120
913.555040
913.408100
913.379360
913.423520
913.286540
917.934340
913.693780
913.248020
913.576980
913.514900
913.407060
913.840520
913.473740
913.492320
913.423860
913.388500
913.460120
913.534020
913.436880
913.715980
913.484260
913.334120
913.430100
918.283040
913.606820
913.401760
913.576120
913.590360
913.543920
913.384640
913.491940
913.312400
913.732180
913.549000
913.360260
913.582300
913.606720
913.559400
913.539220
913.697040
913.331080
917.023440
913.679100
913.456000
913.470960
913.655560
914.394660
913.521620
913.559000
913.562020
913.462520
913.492500
913.555680
913.634340
913.493720
913.502180
913.193660
913.278140
913.524560
917.157100
913.417880
913.378900
913.609340
913.338620
913.333000
913.744560
913.694120
913.504940
913.452740
913.392240
913.566120
913.509860
913.560800
913.562940
913.596780
913.587820
913.357660
917.757320
913.649040
913.526080
913.909340
913.425980
913.422680
913.524920
913.288680
913.365440
913.456880
913.568620
913.352980
913.253380
913.441640
913.532360
913.460600
913.570940
913.393520
918.224360
913.255840
913.502320
913.584560
913.400860
913.542200
913.427720
913.483180
913.495900
913.456400
913.303520
914.414920
913.317840
913.347500
913.472460
913.429360
913.420580
913.403860
913.464040
913.529420
913.470120
913.393460
913.415480
913.479140
913.406680
913.504900
913.440920
913.413220
913.498660
913.443080
913.413480
913.501060
913.552640
913.485800
913.411520
913.441520
913.371480
913.664040
913.658800
913.458160
913.595760
913.268320
913.589720
913.316420
913.417900
913.701000
913.520640
913.466120
913.299100
913.731820
913.373220
913.370500
913.286680
913.512620
913.495040
913.311800
913.524120
913.389500
913.597640
913.282900
913.505080
913.360140
913.396540
913.543040
913.400320
913.511520
913.530040
913.425800
913.368560
913.758940
913.433420
913.541420
913.446600
913.237520
913.537240
913.463580
913.563880
913.555740
913.359980
913.553260
913.493260
913.418320
913.577460
913.550220
913.496440
913.472240
913.527200
913.462360
913.352740
913.646240
913.466300
913.493140
913.423840
913.447660
913.296900
913.302240
913.645720
913.638640
913.252680
913.303200
913.659440
913.385340
913.326220
913.483940
913.457840
913.259520
913.411760
913.383840
913.459840
913.513900
913.560400
913.522000
913.446720
913.309980
913.285400
913.629140
913.547340
913.612220
913.499940
913.558120
913.556200
913.345180
913.512600
913.617140
913.499200
913.672460
913.403440
913.457400
913.545060
913.439580
914.537960
913.418740
913.435660
913.495700
913.466960
913.487280
913.550840
913.415480
913.637900
913.322180
913.449520
913.546660
913.551120
913.391920
913.391020
913.565740
913.329420
913.529520
913.374160
913.604440
913.583040
913.494300
913.341680
913.428300
913.367240
913.384680
913.523720
913.518320
913.551360
913.374920
913.448520
913.445560
913.503420
913.544540
913.427820
913.446180
913.236440
913.553300
913.254580
913.560320
913.453160
913.764960
913.690320
913.531740
913.439300
913.578040
913.457260
913.644780
913.380060
913.470240
913.447020
913.467520
913.677460
913.513200
913.582460
913.528540
913.344460
913.475460
913.446140
913.452200
914.468540
913.462760
913.517720
913.531540
913.544500
913.523600
913.345460
913.206660
913.373540
913.453560
913.457080
913.603440
913.487740
913.373260
913.358140
913.326160
913.469480
913.596840
913.323640
913.700120
913.355320
913.613500
913.475580
913.418680
913.674680
913.429780
913.673820
913.522800
913.497100
913.538640
913.308460
913.387820
913.499400
913.319800
913.472740
913.580540
913.347500
913.458380
913.466820
913.349500
913.756800
913.429120
913.235420
913.235960
913.478100
913.340200
913.570700
913.512660
913.608580
913.497380
913.601660
913.345920
913.437900
913.355980
913.646080
913.454120
913.499940
913.391240
913.413080
913.401160
914.151160
913.531860
913.442460
913.224960
913.433960
913.356240
913.258860
913.509080
913.651900
913.506400
913.527500
913.502140
913.561680
913.458820
913.322500
913.451940
913.305800
913.399100
913.346960
913.475180
913.558220
913.433660
913.448360
913.530440
913.320080
913.446360
913.619920
913.299280
913.450800
913.254240
913.535880
913.365160
913.513860
913.568180
913.573640
913.485200
913.477620
913.441500
913.433200
913.413520
913.308060
913.377740
913.543380
913.593740
913.550180
913.480460
913.414040
913.495200
913.173780
913.634340
913.618220
913.483580
913.577180
913.363420
913.474220
913.597760
913.507520
913.604060
913.410880
913.590120
914.318580
913.606220
913.451740
913.425600
913.597460
913.434180
913.529760
913.478320
913.603280
913.611460
913.548400
913.495600
913.489420
913.626920
913.454920
913.586440
913.541540
913.502300
913.279480
913.572180
913.454340
913.372140
913.481520
913.293060
913.508640
913.424380
913.750220
913.690560
913.445760
913.361200
913.427780
913.652060
913.591400
913.422940
913.310480
913.474860
913.399120
913.488460
913.539840
913.477660
913.473420
913.533220
913.505040
913.764680
913.414040
913.450740
913.458200
913.452860
913.480160
913.434900
913.414760
913.508820
913.689520
913.665760
913.568860
913.603840
913.346320
913.491620
913.422600
913.499480
914.578460
913.390480
913.374560
913.460040
913.425020
913.481920
913.576180
913.422280
913.745040
913.382140
913.428260
913.391580
913.336160
913.626540
913.483080
913.431720
913.386380
913.377580
913.367560
913.589100
913.471140
913.515720
913.528760
913.416020
913.522860
913.436400
913.608800
913.378360
913.549600
913.476500
913.518240
913.505600
913.487080
913.670040
913.414000
913.386920
913.498920
913.426780
913.466000
913.410160
913.498560
913.627540
913.710280
913.332380
913.537860
913.550740
913.475880
913.199580
913.472460
913.505040
913.508460
913.446240
913.432520
913.407060
913.454460
913.269160
913.462000
913.275660
913.441080
913.318860
913.433860
913.575480
913.286880
913.514880
913.430100
913.635040
913.426540
913.609800
913.437880
913.597060
913.606980
913.412940
913.256260
913.471760
913.346260
913.625420
913.599180
913.376240
913.557160
913.483660
913.725320
913.626000
913.334620
913.557860
913.531300
913.335720
913.330640
913.506440
913.455720
913.504700
913.528760
913.462280
913.422480
913.519120
913.537280
913.440520
913.552860
913.544380
913.603800
913.522100
913.610480
913.369800
913.442640
913.509800
913.559760
913.307140
913.550700
913.531520
913.354840
913.435820
913.548920
913.619360
913.632060
913.483240
913.494060
913.427300
913.527400
913.639560
913.606420
914.428480
913.679180
913.299700
913.554740
913.533100
913.415160
913.594700
913.282920
913.506840
913.428480
913.557140
913.636620
913.417000
913.696400
913.394840
913.413840
917.720040
913.746840
913.648240
913.571220
913.408520
913.252160
913.357680
913.463380
913.676760
913.420120
913.391140
913.352340
913.563120
913.530800
913.410340
913.333780
913.587680
913.455680
913.395180
913.527960
913.416820
913.386700
913.538180
913.416560
913.545520
913.411320
913.544780
913.339660
913.406300
913.396680
913.362620
913.375740
913.550500
913.504760
913.442600
913.423360
913.367600
913.396540
913.560740
913.441600
913.484220
913.445060
913.666860
913.257220
914.334420
913.297980
913.434360
913.489300
913.662800
913.426320
913.675020
913.396260
913.452160
913.566160
913.492320
913.565500
913.441300
913.477420
913.356440
913.239720
913.678900
913.513700
913.554760
913.765380
913.428220
913.239640
913.498140
913.350040
913.485280
913.673400
913.636020
913.636420
913.403840
913.413660
913.466260
913.403840
913.402580
913.583840
913.416060
913.554120
913.520140
913.457580
913.194300
913.463020
913.534560
913.517480
913.451500
913.457140
913.540440
913.571280
913.427820
913.447980
913.450320
913.543780
913.535440
913.504740
913.537440
913.719340
913.581420
913.325340
913.321160
913.394220
913.500400
913.353380
914.489680
913.530820
913.455860
913.478240
913.750100
913.315840
913.577560
913.435560
913.697300
913.532920
913.430420
913.697280
913.427340
913.391560
913.679060
913.552420
913.432620
913.552660
913.661860
913.688380
913.519740
913.579020
913.445820
913.647540
913.509080
913.398880
913.532560
913.564140
913.503040
913.578680
913.426960
913.486600
913.452260
913.450300
913.501840
913.577340
913.528760
913.602300
913.570520
913.559540
913.346860
913.523380
913.462980
913.591880
913.387920
913.436620
913.632720
913.531160
913.306900
913.216240
913.668580
913.533880
913.378900
913.512300
913.532300
913.416160
913.450400
913.498240
913.412260
913.498900
914.978160
913.718000
913.503780
913.483120
913.320280
913.623360
913.272980
913.462940
913.490960
913.458180
913.505700
913.513000
913.267840
913.488040
913.571840
913.483660
913.145340
913.378400
913.285980
913.411880
913.511520
913.395040
913.674760
913.539300
913.252560
913.659000




23 175 193 99 196 205 89 240 81 151 98 52 18 90 16 200 79 198 118 6 138 114 240 81 96 96 237 146 3 55 172 62 182 77 115 169 131 26 51 131 0 256 33 239 20 230 219 75 144 216 38 31 233 120 124 213 233 240 74 90 64 214 250 252 



Median of the required no. of Cycles to Hash 128 bytes to 64 bytes: 913.485360
