7365.527406
7364.950854
7365.220710
7365.420154
7363.777014
7363.631366
7363.670394
7363.743138
7363.556824
7363.773948
7363.534166
7363.604876
7363.010844
7363.449764
7363.848234
7363.539470
7363.719132
7363.609458
7363.638234
7364.434672
7363.826480
7363.580416
7363.645006
7363.790506
7363.769366
7363.531744
7363.674060
7363.710358
7363.505738
7363.548830
7363.480378
7363.560146
7363.677382
7363.539764
7363.583978
7363.524020
7368.351364
7363.385774
7363.574648
7363.503412
7363.762418
7364.661224
7363.553152
7363.668524
7363.547404
7363.672114
7363.354426
7363.636884
7363.845184
7364.074118
7363.421920
7363.649112
7363.663864
7363.534464
7363.641514
7363.796632
7363.383714
7363.284546
7363.498486
7363.499018
7363.437752
7363.511326
7363.640208
7363.195350
7363.424258
7363.535608
7363.715078
7363.728820
7363.558168
7363.428300
7363.435856
7363.362188
7363.490506
7363.501074
7363.591376
7363.543372
7363.738130
7363.562362
7363.523002
7363.523664
7363.490626
7363.801400
7363.496670
7363.707072
7363.475920
7363.673054
7364.273276
7363.625962
7363.546546
7364.072978
7363.375028
7363.313946
7363.448374
7363.478458
7363.635370
7363.518038
7363.534820
7363.809494
7363.772482
7363.666820
7363.634320
7363.345988
7363.701394
7363.650804
7363.787430
7363.544170
7363.449228
7363.663616
7364.263716
7363.450266
7363.779394
7363.390420
7363.519578
7363.293650
7363.605712
7363.562872
7363.790576
7363.476798
7363.470314
7363.559100
7363.808124
7363.544976
7363.806838
7363.446762
7363.411308
7363.660052
7363.656130
7363.613466
7363.746752
7363.555650
7364.460416
7363.572554
7363.508946
7363.597542
7363.646574
7363.717742
7363.424304
7363.341900
7363.391626
7363.682528
7363.664198
7363.904578
7363.581880
7363.466246
7363.784796
7363.477082
7363.578444
7363.513302
7363.334552
7363.574888
7363.895834
7363.314760
7363.556098
7363.518514
7363.675220
7363.551610
7363.879412
7363.704124
7363.417534
7363.521330
7363.259316
7363.780144
7363.744090
7363.556704
7363.552050
7363.813336
7363.542936
7363.584966
7363.478100
7363.548116
7363.977236
7363.777208
7363.255664
7363.744434
7363.402130
7364.663856
7363.539584
7363.740192
7363.825754
7363.438978
7363.558926
7363.541478
7363.442688
7363.715756
7363.530196
7363.479790
7363.515538
7363.559790
7363.687688
7363.419412
7363.339604
7363.566834
7363.355312
7363.414360
7363.785138
7363.599804
7363.400528
7364.612722
7363.825748
7363.410316
7363.816360
7363.519946
7363.640436
7363.724024
7363.588842
7363.597358
7363.319630
7363.786302
7363.472284
7363.450028
7363.540746
7363.558778
7363.701462
7363.412598
7363.443960
7363.616034
7363.466696
7363.824896
7363.812130
7364.585220
7363.786632
7363.419362
7363.821794
7363.768900
7363.446138
7363.580848
7363.602260
7363.423720
7363.585936
7363.479688
7363.543128
7363.615098
7363.881702
7363.619502
7363.678300
7363.639396
7363.420622
7363.936654
7363.794966
7363.380350
7363.254920
7363.479204
7363.428916
7363.654028
7363.479202
7363.570020
7363.669486
7363.336262
7363.539128
7363.729296
7363.818686
7363.711542
7363.567920
7363.516520
7363.186756
7363.812246
7363.250072
7363.494736
7363.467094
7363.427518
7363.810334
7363.633854
7363.589090
7363.668072
7364.590162
7363.606860
7363.434908
7363.591204
7363.473386
7363.689632
7363.742554
7363.601902
7363.527414
7363.503744
7363.583248
7363.369416
7363.447740
7363.306318
7363.483398
7363.477716
7363.453798
7363.173932
7363.363178
7363.620442
7363.412522
7363.422816
7364.349832
7363.477576
7363.597874
7363.551274
7363.557214
7363.674078
7363.697040
7363.577178
7363.419408
7363.674010
7363.606088
7363.509560
7363.525756
7363.719982
7363.438084
7363.451158
7363.476046
7363.525366
7363.437290
7363.522710
7363.708034
7363.631530
7364.190182
7363.644720
7363.633348
7363.529578
7363.379732
7363.642920
7363.275174
7363.677618
7363.401148
7363.515130
7363.617330
7363.635544
7363.487458
7363.804358
7363.467908
7363.514750
7363.583230
7363.874022
7363.604870
7363.702698
7363.725314
7363.491674
7364.473396
7363.694140
7363.645700
7363.675292
7363.548868
7363.618364
7363.512572
7363.429838
7363.430282
7363.770656
7363.456962
7363.504948
7363.337378
7363.599334
7363.274226
7363.471956
7363.728756
7363.761692
7363.606378
7363.755326
7363.594152
7363.561516
7363.779394
7363.733490
7363.672932
7363.506664
7363.648568
7363.432138
7363.641020
7363.442402
7363.381770
7363.514270
7363.558404
7363.567988
7363.789700
7363.655890
7363.399212
7363.334208
7363.690280
7363.518810
7363.500806
7363.410192
7363.572696
7363.297362
7363.356356
7364.399298
7363.709220
7363.483208
7363.548878
7363.704980
7363.458084
7363.363492
7363.693014
7363.696336
7363.516108
7363.757004
7363.544228
7363.424762
7363.631356
7363.645354
7363.626380
7363.686050
7363.608650
7363.581640
7363.511016
7363.620074
7363.730214
7364.650506
7363.574064
7363.507486
7363.763500
7363.749920
7363.499756
7363.485738
7363.408328
7363.827222
7363.585174
7363.512408
7363.521722
7363.619898
7363.576838
7363.556832
7363.454132
7363.658130
7363.549136
7363.803690
7363.654868
7363.284544
7363.467864
7364.440348
7363.788412
7363.765530
7363.732852
7363.511624
7363.502028
7363.567914
7363.588528
7363.537698
7363.812842
7363.443794
7363.618324
7363.456548
7363.555034
7363.590006
7363.628154
7363.486568
7363.677610
7363.762718
7363.532782
7363.910000
7363.459852
7363.612508
7363.735384
7363.777658
7363.690490
7363.675674
7363.808002
7363.483110
7363.544880
7363.523894
7363.567534
7363.285234
7363.575256
7363.531470
7363.501690
7363.604004
7363.562044
7363.554384
7363.664982
7363.624860
7363.723008
7363.686826
7363.718268
7363.578410
7364.495774
7363.505758
7363.772056
7363.428438
7363.599222
7363.534236
7363.439342
7363.652506
7363.514660
7363.531570
7363.572090
7363.649328
7363.631954
7363.561220
7363.587024
7363.659798
7363.613310
7363.476878
7363.578154
7363.707228
7363.391856
7363.402132
7364.577384
7363.520400
7363.603428
7363.470764
7363.634774
7363.435018
7363.652316
7363.539684
7363.390396
7363.507698
7363.621886
7363.457584
7363.591956
7363.682328
7363.271674
7363.670288
7363.508666
7363.530618
7363.573256
7363.417146
7363.441286
7363.514250
7364.283984
7363.507218
7363.575290
7363.370614
7363.563858
7363.358342
7363.552814
7363.539930
7363.655086
7363.754654
7363.695854
7363.719538
7363.767464
7363.706236
7363.416530
7363.502608
7363.634718
7363.385348
7363.552164
7363.430272
7363.306924
7363.437592
7363.325282
7363.649918
7363.696234
7363.498734
7363.374128
7363.506288
7363.831484
7363.716390
7363.773390
7363.531214
7363.379656
7363.636286
7363.715078
7367.427582
7377.018648
7378.590500
7387.343784
7466.010916
7415.863602
7365.825974
7363.586242
7363.793056
7363.283830
7364.578272
7363.782506
7364.518650
7363.610554
7363.775868
7363.481406
7363.629488
7363.419668
7363.458422
7363.416904
7363.556688
7363.591686
7363.539208
7363.494690
7363.709014
7363.731248
7363.518752
7363.837416
7363.348732
7363.599532
7363.775128
7363.538970
7364.340698
7363.330816
7363.681948
7363.238320
7363.536858
7363.505450
7363.516956
7363.526878
7363.915652
7363.421578
7363.541294
7363.529308
7363.662202
7363.796976
7363.735452
7363.339462
7363.551794
7363.678682
7363.529064
7363.776416
7363.596832
7363.373928
7364.638408
7363.664740
7363.606290
7363.482088
7363.526726
7363.610876
7363.843500
7363.764754
7363.475154
7363.677340
7363.580572
7363.485090
7363.335702
7363.508088
7363.357376
7363.761116
7363.480104
7363.758776
7363.528530
7363.882610
7363.640364
7363.592746
7363.654934
7363.236390
7363.301082
7363.486868
7363.963022
7363.374264
7363.287616
7363.587096
7363.598504
7363.607444
7363.790250
7363.654432
7363.588240
7363.435296
7363.336460
7363.375474
7363.711050
7363.354108
7363.314710
7363.505196
7363.605956
7363.639018
7363.500320
7364.510600
7363.579410
7363.654196
7363.568834
7363.287778
7363.688698
7363.464966
7363.837198
7363.535242
7363.579040
7363.404024
7363.518058
7363.546988
7363.785222
7363.517470
7363.762936
7363.607502
7363.524886
7363.516698
7363.520306
7363.392046
7363.836598
7364.497014
7363.601252
7363.456624
7363.569368
7363.218650
7363.543920
7363.325118
7363.403154
7363.604038
7363.696878
7363.516952
7363.427602
7363.364918
7363.579736
7363.393570
7363.558994
7363.483872
7363.609036
7363.431574
7365.325270
7363.564508
7363.622936
7364.409212
7363.601990
7363.325722
7363.576142
7363.602772
7363.452902
7363.762300
7363.649476
7363.556698
7363.693418
7363.909628
7363.618918
7363.514430
7363.655838
7363.579098
7363.831348
7363.575452
7363.659958
7363.524378
7363.448002
7363.552832
7363.544102
7364.477430
7363.542604
7363.503590
7363.625820
7363.682394
7363.774666
7363.571064
7363.528036
7363.328722
7363.610060
7363.662944
7363.581898
7378.599162
7365.418832
7364.776870
7365.178094
7364.585308
7363.727900
7363.882702
7363.747068
7363.652326
7363.290242
7363.933446
7363.972072
7363.570870
7363.689226
7363.635706
7363.725130
7363.320574
7363.813056
7363.742580
7363.507802
7363.537320
7363.739860
7363.644074
7363.734884
7363.496352
7363.612340
7363.430398
7363.505850
7363.430306
7363.504202
7363.696932
7363.469528
7363.402514
7364.434856
7363.548300
7363.673654
7363.753468
7363.483580
7363.661508
7363.568690
7363.543362
7363.535564
7363.501468
7363.614806
7363.517294
7363.385008
7363.778744
7363.603248
7363.488462
7363.731090
7363.836384
7363.494090
7363.553218
7363.610466
7363.375886
7364.433836
7363.761288
7363.561588
7363.454174
7363.594204
7363.527860
7363.671656
7363.454470
7363.715690
7363.615574
7363.465858
7363.744728
7363.262774
7363.405214
7363.706312
7363.691750
7363.675728
7363.397084
7363.477280
7363.396066
7363.637230
7363.867044
7364.474626
7363.717088
7363.231254
7363.627524
7363.559832
7363.736184
7363.417344
7363.740094
7363.738788
7363.391076
7363.558800
7363.479354
7363.763298
7363.779196
7363.417982
7363.576986
7363.807252
7363.432558
7363.825380
7363.496130
7363.249038
7363.295834
7363.667446
7363.686002
7363.696250
7363.526872
7363.723348
7363.548942
7363.879684
7363.559584
7363.612250
7363.542304
7363.854128
7363.926304
7363.524856
7363.507470
7363.732014
7363.594996
7363.480244
7363.662776
7363.588670
7363.618084
7363.654412
7363.440498
7363.402542
7364.774002
7363.499580
7363.935812
7363.478844
7363.742804
7363.591844
7363.720008
7363.789864
7363.566458
7363.638732
7363.692018
7363.605548
7363.926404
7363.630410
7363.289580
7363.516672
7363.746774
7363.848450
7363.824730
7363.769426
7363.736130
7363.694724
7364.485240
7363.516998
7363.748258
7363.759616
7363.557774
7363.570578
7363.590404
7363.621962
7363.456354
7363.358922
7363.573494
7363.538532
7363.479658
7363.470452
7363.694766
7363.983078
7363.471016
7363.357502
7363.483842
7363.564748
7363.371472
7363.379948
7364.389268
7363.600768
7363.635388
7363.571984
7363.837708
7363.630848
7363.527504
7363.375616
7363.207794
7363.434364
7363.724264
7363.518496
7363.600974
7363.489040
7363.798974
7363.375528
7363.670426
7363.595936
7363.619400
7363.485038
7363.658498
7363.611442
7363.787816
7363.571496
7363.870846
7363.522028
7363.681700
7363.701868
7363.635618
7363.747818
7363.508556
7363.438480
7363.491586
7363.639414
7363.384874
7363.570392
7363.646930
7363.672470
7363.456930
7363.633982
7363.482890
7363.731082
7363.830152
7363.583986
7363.855416
7364.403266
7363.483546
7363.557046
7363.491234
7363.740152
7363.711688
7363.471874
7363.484532
7363.552096
7363.414872
7363.453530
7363.583714
7363.446418
7363.465908
7363.347778
7363.593036
7363.738734
7363.406238
7363.715286
7363.641614
7363.524488
7363.714984
7364.260776
7363.754956
7363.517658
7363.709628
7363.417638
7363.607882
7363.642088
7363.680242
7363.421274
7363.585904
7363.641118
7363.538030
7363.447078
7363.432550
7363.439544
7363.626886
7363.490664
7363.357820
7363.686360
7363.761198
7363.816438
7363.376914
7364.357638
7363.470620
7363.647922
7363.564286
7363.389764
7363.644460
7363.265182
7363.635380
7363.690534
7363.458342
7363.300738
7363.569048
7363.478014
7363.426614
7363.550002
7363.492478
7363.580912
7363.641188
7363.427978
7363.479070
7363.658690
7363.802624
7363.450642
7363.669412
7363.388640




23 175 193 99 196 205 89 240 81 151 98 52 18 90 16 200 79 198 118 6 138 114 240 81 96 96 237 146 3 55 172 62 182 77 115 169 131 26 51 131 0 256 33 239 20 230 219 75 144 216 38 31 233 120 124 213 233 240 74 90 64 214 250 252 



Median of the required no. of Cycles to Hash 128 bytes to 64 bytes: 7363.578444
