9687.841264
9688.745670
9688.412278
9687.275986
9687.208910
9687.186694
9687.281448
9687.254362
9688.071876
9687.113402
9687.288898
9687.168524
9687.031474
9687.114444
9687.367116
9687.243380
9687.082782
9687.247068
9687.230198
9687.402606
9687.141398
9686.892916
9687.111164
9687.272918
9687.414456
9687.475882
9687.015366
9687.326590
9687.355318
9687.102944
9687.168358
9687.193448
9687.167156
9687.069058
9687.347782
9687.254798
9687.179088
9687.167810
9687.079070
9687.189544
9687.433300
9687.920558
9687.270274
9687.260792
9687.305800
9687.153928
9687.223130
9687.169592
9686.958336
9687.215540
9687.350146
9687.308944
9687.288260
9687.226396
9687.184656
9687.249200
9687.255628
9686.859192
9687.899580
9687.506526
9687.396982
9687.186860
9686.937708
9687.293268
9687.350438
9687.185286
9687.026394
9686.924440
9687.401916
9687.206282
9686.986106
9687.121540
9687.241730
9687.135170
9687.137840
9687.971144
9687.234472
9687.132716
9687.340966
9687.134620
9687.051810
9687.361344
9687.304762
9686.981524
9687.131026
9687.413362
9687.493864
9687.218696
9687.203526
9687.213898
9687.310448
9687.468876
9687.726704
9687.226562
9687.061076
9687.259782
9687.439466
9687.156376
9687.343964
9687.197496
23 175 193 99 236 205 89 29 81 151 202 52 61 90 16 200 79 198 118 6 6 114 240 77 96 96 245 146 87 55 172 62 182 77 115 169 191 26 51 131 0 256 70 239 210 230 219 75 144 216 38 31 0 120 124 109 233 240 189 90 73 214 250 252 



Median of the required no. of Cycles to Hash 128 bytes to 64 bytes: 9687.230198
